version:3
6
Aikc
&+YykcuD rebbuR
110
578024 1765672254
88 44
110 55
55 27
110 55
130
8
201194 145419 145252 0 0 0
1 0 0 0 0 0 0 0 0 0
4 2
5 0
0 0 0 -1 -1
1 3
0 0
3 9 0 -1 -1
1 3
0 0
3 14 0 -1 -1
1 0
1 0
0 50 0 -1 -1
1 0
1 0
0 50 0 -1 -1
1 0
1 0
0 50 0 -1 -1
0 -1
-1 0
-1 -1 -1 -1 -1
0 -1
-1 0
-1 -1 -1 -1 -1
0 -1
-1 0
-1 -1 -1 -1 -1
0 -1
-1 0
-1 -1 -1 -1 -1
0 -1
-1 0
-1 -1 -1 -1 -1
0 -1
-1 0
-1 -1 -1 -1 -1
0 -1
-1 0
-1 -1 -1 -1 -1
0 -1
-1 0
-1 -1 -1 -1 -1
0 -1
-1 0
-1 -1 -1 -1 -1
0 -1
-1 0
-1 -1 -1 -1 -1
