version:3
6
Cis
Undead Train
302
49090 1765851560
88 44
110 55
55 27
110 55
130
13
850798 352769 493317 0 0 0
2 0 0 0 0 0 0 0 0 0
1 4
0 0
4 12 0 -1 -1
1 1
1 0
1 48 0 -1 -1
1 1
3 0
1 49 0 -1 -1
1 0
1 0
0 58 0 -1 -1
1 0
3 0
0 59 0 -1 -1
4 2
5 0
0 0 0 -1 -1
3 7
4 0
11 2244000 -1 -1 -1
2 7
4 0
56 1747200 -1 -1 -1
0 -1
-1 0
-1 -1 -1 -1 -1
0 -1
-1 0
-1 -1 -1 -1 -1
0 -1
-1 0
-1 -1 -1 -1 -1
0 -1
-1 0
-1 -1 -1 -1 -1
0 -1
-1 0
-1 -1 -1 -1 -1
0 -1
-1 0
-1 -1 -1 -1 -1
0 -1
-1 0
-1 -1 -1 -1 -1
0 -1
-1 0
-1 -1 -1 -1 -1
