version:3
6
Dakar
&+LRigor Mortis
220
43198 1765745639
88 44
110 55
55 27
110 55
130
10
1152139 980108 814142 0 0 0
7 3 5 0 0 0 0 0 0 0
1 4
0 0
4 20 0 -1 -1
0 -1
-1 0
-1 -1 -1 -1 -1
1 0
1 0
0 60 0 -1 -1
1 0
1 0
0 60 0 -1 -1
0 -1
-1 0
-1 -1 -1 -1 -1
1 0
3 0
0 60 0 -1 -1
1 0
3 0
0 60 0 -1 -1
0 -1
-1 0
-1 -1 -1 -1 -1
0 -1
-1 0
-1 -1 -1 -1 -1
0 -1
-1 0
-1 -1 -1 -1 -1
0 -1
-1 0
-1 -1 -1 -1 -1
0 -1
-1 0
-1 -1 -1 -1 -1
0 -1
-1 0
-1 -1 -1 -1 -1
0 -1
-1 0
-1 -1 -1 -1 -1
0 -1
-1 0
-1 -1 -1 -1 -1
0 -1
-1 0
-1 -1 -1 -1 -1
