version:3
8
Dkay
&+RR&+Lo&+RT
596
559633 1765626181
62 29
84 36
50 18
79 36
130
15
1098592 857100 732743 0 0 0
7 4 6 0 0 0 0 0 0 0
4 2
5 0
0 0 0 -1 -1
1 5
0 0
5 12 0 -1 -1
1 1
1 0
1 49 0 -1 -1
1 1
1 0
1 49 0 -1 -1
1 1
3 0
1 50 0 -1 -1
1 1
3 0
1 50 0 -1 -1
0 -1
-1 0
-1 -1 -1 -1 -1
0 -1
-1 0
-1 -1 -1 -1 -1
0 -1
-1 0
-1 -1 -1 -1 -1
0 -1
-1 0
-1 -1 -1 -1 -1
0 -1
-1 0
-1 -1 -1 -1 -1
0 -1
-1 0
-1 -1 -1 -1 -1
0 -1
-1 0
-1 -1 -1 -1 -1
0 -1
-1 0
-1 -1 -1 -1 -1
0 -1
-1 0
-1 -1 -1 -1 -1
0 -1
-1 0
-1 -1 -1 -1 -1
