version:3
6
Eikl
&+MTie&+cfl&+ming&n &+RB&+Bo&+Ra&+Bt&n
220
66689 1765705066
88 44
110 55
55 27
110 55
130
8
570017 449296 419751 0 0 0
1 3 5 0 0 0 0 0 0 0
1 4
0 0
4 15 0 -1 -1
1 1
1 0
1 46 0 -1 -1
1 1
1 0
1 46 0 -1 -1
1 1
3 0
1 48 0 -1 -1
1 1
3 0
1 48 0 -1 -1
4 2
5 0
0 0 0 -1 -1
0 -1
-1 0
-1 -1 -1 -1 -1
0 -1
-1 0
-1 -1 -1 -1 -1
0 -1
-1 0
-1 -1 -1 -1 -1
0 -1
-1 0
-1 -1 -1 -1 -1
0 -1
-1 0
-1 -1 -1 -1 -1
0 -1
-1 0
-1 -1 -1 -1 -1
0 -1
-1 0
-1 -1 -1 -1 -1
0 -1
-1 0
-1 -1 -1 -1 -1
0 -1
-1 0
-1 -1 -1 -1 -1
0 -1
-1 0
-1 -1 -1 -1 -1
