version:3
6
Even
&+GEfreeti
60
22441 1765687867
88 44
110 55
55 27
110 55
130
0
1097154 212329 462572 0 0 0
0 0 0 0 0 0 0 0 0 0
4 2
5 0
0 0 0 -1 -1
1 4
0 0
4 18 0 -1 -1
1 2
1 0
2 30 0 -1 -1
1 2
1 0
2 30 0 -1 -1
0 -1
-1 0
-1 -1 -1 -1 -1
0 -1
-1 0
-1 -1 -1 -1 -1
0 -1
-1 0
-1 -1 -1 -1 -1
0 -1
-1 0
-1 -1 -1 -1 -1
0 -1
-1 0
-1 -1 -1 -1 -1
0 -1
-1 0
-1 -1 -1 -1 -1
0 -1
-1 0
-1 -1 -1 -1 -1
0 -1
-1 0
-1 -1 -1 -1 -1
0 -1
-1 0
-1 -1 -1 -1 -1
0 -1
-1 0
-1 -1 -1 -1 -1
0 -1
-1 0
-1 -1 -1 -1 -1
0 -1
-1 0
-1 -1 -1 -1 -1
