version:3
0
Falshede
&+YYellow&+ySub&+Lmarine&N
0
82670 1763513535
2 1
3 1
1 1
3 1
20
0
0 0 0 0 0 0
0 0 0 0 0 0 0 0 0 0
0 -1
-1 0
-1 -1 -1 -1 -1
0 -1
-1 0
-1 -1 -1 -1 -1
0 -1
-1 0
-1 -1 -1 -1 -1
0 -1
-1 0
-1 -1 -1 -1 -1
0 -1
-1 0
-1 -1 -1 -1 -1
0 -1
-1 0
-1 -1 -1 -1 -1
0 -1
-1 0
-1 -1 -1 -1 -1
0 -1
-1 0
-1 -1 -1 -1 -1
0 -1
-1 0
-1 -1 -1 -1 -1
0 -1
-1 0
-1 -1 -1 -1 -1
0 -1
-1 0
-1 -1 -1 -1 -1
0 -1
-1 0
-1 -1 -1 -1 -1
0 -1
-1 0
-1 -1 -1 -1 -1
0 -1
-1 0
-1 -1 -1 -1 -1
0 -1
-1 0
-1 -1 -1 -1 -1
0 -1
-1 0
-1 -1 -1 -1 -1
