version:3
6
Jixan
&+R Fluval
0
22441 1765840264
88 44
110 55
55 27
110 55
130
11
87416 27080 35501 0 0 0
0 0 0 0 0 0 0 0 0 0
1 1
1 0
1 40 0 -1 -1
1 1
3 0
1 50 0 -1 -1
1 1
1 0
1 40 0 -1 -1
1 1
1 0
1 40 0 -1 -1
1 1
3 0
1 50 0 -1 -1
1 1
3 0
1 50 0 -1 -1
0 -1
-1 0
-1 -1 -1 -1 -1
0 -1
-1 0
-1 -1 -1 -1 -1
0 -1
-1 0
-1 -1 -1 -1 -1
0 -1
-1 0
-1 -1 -1 -1 -1
0 -1
-1 0
-1 -1 -1 -1 -1
0 -1
-1 0
-1 -1 -1 -1 -1
0 -1
-1 0
-1 -1 -1 -1 -1
0 -1
-1 0
-1 -1 -1 -1 -1
0 -1
-1 0
-1 -1 -1 -1 -1
0 -1
-1 0
-1 -1 -1 -1 -1
