version:3
6
Kamen
&+rMask
0
559633 1765804379
88 44
110 55
55 27
110 55
130
9
205769 123018 101823 0 0 0
1 0 0 0 0 0 0 0 0 0
1 4
0 0
4 20 0 -1 -1
1 0
1 0
0 60 0 -1 -1
1 0
1 0
0 60 0 -1 -1
1 0
1 0
0 60 0 -1 -1
1 0
3 0
0 60 0 -1 -1
1 0
3 0
0 60 0 -1 -1
0 -1
-1 0
-1 -1 -1 -1 -1
0 -1
-1 0
-1 -1 -1 -1 -1
0 -1
-1 0
-1 -1 -1 -1 -1
0 -1
-1 0
-1 -1 -1 -1 -1
0 -1
-1 0
-1 -1 -1 -1 -1
0 -1
-1 0
-1 -1 -1 -1 -1
0 -1
-1 0
-1 -1 -1 -1 -1
0 -1
-1 0
-1 -1 -1 -1 -1
0 -1
-1 0
-1 -1 -1 -1 -1
0 -1
-1 0
-1 -1 -1 -1 -1
