version:3
0
Kor
&+CA&+Lw&+wa&+LK&+we&+CN
0
88846 1765500547
2 1
3 1
1 1
3 1
20
0
0 0 0 0 0 0
0 0 0 0 0 0 0 0 0 0
0 -1
-1 0
-1 -1 -1 -1 -1
0 -1
-1 0
-1 -1 -1 -1 -1
0 -1
-1 0
-1 -1 -1 -1 -1
0 -1
-1 0
-1 -1 -1 -1 -1
0 -1
-1 0
-1 -1 -1 -1 -1
0 -1
-1 0
-1 -1 -1 -1 -1
0 -1
-1 0
-1 -1 -1 -1 -1
0 -1
-1 0
-1 -1 -1 -1 -1
0 -1
-1 0
-1 -1 -1 -1 -1
0 -1
-1 0
-1 -1 -1 -1 -1
0 -1
-1 0
-1 -1 -1 -1 -1
0 -1
-1 0
-1 -1 -1 -1 -1
0 -1
-1 0
-1 -1 -1 -1 -1
0 -1
-1 0
-1 -1 -1 -1 -1
0 -1
-1 0
-1 -1 -1 -1 -1
0 -1
-1 0
-1 -1 -1 -1 -1
