version:3
4
Phuc
&+GT&+gh&+Ge &+yB&+Ya&+yn&+Ya&+yn&+Ya&+y'&+Ys &+gH&+Ga&+gm&+Gm&+go&+Gc&+gk
0
66689 1765720251
53 26
66 33
33 16
66 33
110
0
10684 0 1243 0 0 0
0 0 0 0 0 0 0 0 0 0
1 4
0 0
4 20 0 -1 -1
1 2
1 0
2 30 0 -1 -1
4 2
5 0
0 0 0 -1 -1
0 -1
-1 0
-1 -1 -1 -1 -1
0 -1
-1 0
-1 -1 -1 -1 -1
0 -1
-1 0
-1 -1 -1 -1 -1
0 -1
-1 0
-1 -1 -1 -1 -1
0 -1
-1 0
-1 -1 -1 -1 -1
0 -1
-1 0
-1 -1 -1 -1 -1
0 -1
-1 0
-1 -1 -1 -1 -1
0 -1
-1 0
-1 -1 -1 -1 -1
0 -1
-1 0
-1 -1 -1 -1 -1
0 -1
-1 0
-1 -1 -1 -1 -1
0 -1
-1 0
-1 -1 -1 -1 -1
0 -1
-1 0
-1 -1 -1 -1 -1
0 -1
-1 0
-1 -1 -1 -1 -1
