version:3
4
Sadash
&+CR&+ce&+Cv&+ce&+Cl&+ca&+Ct&+c&+Ci&+co&+Cn&+cs
0
559633 1765313428
53 26
66 33
33 16
66 33
110
7
95193 399 28007 0 0 0
0 0 0 0 0 0 0 0 0 0
0 -1
-1 0
-1 -1 -1 -1 -1
0 -1
-1 0
-1 -1 -1 -1 -1
1 1
2 0
1 50 0 -1 -1
1 1
1 0
1 50 0 -1 -1
1 1
1 0
1 50 0 -1 -1
1 2
1 0
2 30 0 -1 -1
0 -1
-1 0
-1 -1 -1 -1 -1
1 0
3 0
0 60 0 -1 -1
1 0
3 0
0 60 0 -1 -1
0 -1
-1 0
-1 -1 -1 -1 -1
0 -1
-1 0
-1 -1 -1 -1 -1
0 -1
-1 0
-1 -1 -1 -1 -1
0 -1
-1 0
-1 -1 -1 -1 -1
0 -1
-1 0
-1 -1 -1 -1 -1
0 -1
-1 0
-1 -1 -1 -1 -1
0 -1
-1 0
-1 -1 -1 -1 -1
