version:3
6
Sane
&+LN&+wi&+LN&+wj&+LA
186
22441 1764998182
88 44
110 55
55 27
110 55
130
13
570015 213362 304364 0 0 0
2 0 0 0 0 0 0 0 0 0
4 2
5 0
0 0 0 -1 -1
1 3
0 0
3 30 0 -1 -1
1 0
3 0
0 60 0 -1 -1
1 0
3 0
0 60 0 -1 -1
1 0
1 0
0 60 0 -1 -1
1 0
1 0
0 60 0 -1 -1
0 -1
-1 0
-1 -1 -1 -1 -1
0 -1
-1 0
-1 -1 -1 -1 -1
0 -1
-1 0
-1 -1 -1 -1 -1
0 -1
-1 0
-1 -1 -1 -1 -1
0 -1
-1 0
-1 -1 -1 -1 -1
0 -1
-1 0
-1 -1 -1 -1 -1
0 -1
-1 0
-1 -1 -1 -1 -1
0 -1
-1 0
-1 -1 -1 -1 -1
0 -1
-1 0
-1 -1 -1 -1 -1
0 -1
-1 0
-1 -1 -1 -1 -1
