version:3
6
Sgan
&+WNa&+Bu&+Wti&+Blu&+Ws
0
22441 1765290834
88 44
110 55
55 27
110 55
130
11
164611 4755 50980 0 0 0
0 0 0 0 0 0 0 0 0 0
4 2
5 0
0 0 0 -1 -1
1 1
1 0
1 50 0 -1 -1
1 1
1 0
1 50 0 -1 -1
1 1
1 0
1 50 0 -1 -1
1 4
0 0
4 20 0 -1 -1
0 -1
-1 0
-1 -1 -1 -1 -1
0 -1
-1 0
-1 -1 -1 -1 -1
0 -1
-1 0
-1 -1 -1 -1 -1
0 -1
-1 0
-1 -1 -1 -1 -1
0 -1
-1 0
-1 -1 -1 -1 -1
0 -1
-1 0
-1 -1 -1 -1 -1
0 -1
-1 0
-1 -1 -1 -1 -1
0 -1
-1 0
-1 -1 -1 -1 -1
0 -1
-1 0
-1 -1 -1 -1 -1
0 -1
-1 0
-1 -1 -1 -1 -1
0 -1
-1 0
-1 -1 -1 -1 -1
