version:3
0
Sganard
&+rWo&+Mnd&+rer&+MBr&+ma
0
22441 1763429770
2 1
3 1
1 1
3 1
20
0
0 0 0 0 0 0
0 0 0 0 0 0 0 0 0 0
0 -1
-1 0
-1 -1 -1 -1 -1
0 -1
-1 0
-1 -1 -1 -1 -1
0 -1
-1 0
-1 -1 -1 -1 -1
0 -1
-1 0
-1 -1 -1 -1 -1
0 -1
-1 0
-1 -1 -1 -1 -1
0 -1
-1 0
-1 -1 -1 -1 -1
0 -1
-1 0
-1 -1 -1 -1 -1
0 -1
-1 0
-1 -1 -1 -1 -1
0 -1
-1 0
-1 -1 -1 -1 -1
0 -1
-1 0
-1 -1 -1 -1 -1
0 -1
-1 0
-1 -1 -1 -1 -1
0 -1
-1 0
-1 -1 -1 -1 -1
0 -1
-1 0
-1 -1 -1 -1 -1
0 -1
-1 0
-1 -1 -1 -1 -1
0 -1
-1 0
-1 -1 -1 -1 -1
0 -1
-1 0
-1 -1 -1 -1 -1
