version:3
6
Skruran
&+cWh&+Cir&+Wl&+CWi&+cnd&n
0
82670 1765805435
88 44
110 55
55 27
110 55
130
0
289308 16904 98123 0 0 0
0 0 0 0 0 0 0 0 0 0
1 4
0 0
4 20 0 -1 -1
0 -1
-1 0
-1 -1 -1 -1 -1
4 2
5 0
0 0 0 -1 -1
0 -1
-1 0
-1 -1 -1 -1 -1
0 -1
-1 0
-1 -1 -1 -1 -1
0 -1
-1 0
-1 -1 -1 -1 -1
0 -1
-1 0
-1 -1 -1 -1 -1
0 -1
-1 0
-1 -1 -1 -1 -1
0 -1
-1 0
-1 -1 -1 -1 -1
0 -1
-1 0
-1 -1 -1 -1 -1
0 -1
-1 0
-1 -1 -1 -1 -1
0 -1
-1 0
-1 -1 -1 -1 -1
0 -1
-1 0
-1 -1 -1 -1 -1
0 -1
-1 0
-1 -1 -1 -1 -1
0 -1
-1 0
-1 -1 -1 -1 -1
0 -1
-1 0
-1 -1 -1 -1 -1
