version:3
4
Vurtel
&+RPoke&+Wmon
100
88846 1765513734
53 26
66 33
33 16
66 33
110
0
152104 112308 121345 0 0 0
0 0 0 0 0 0 0 0 0 0
1 4
0 0
4 20 0 -1 -1
1 2
1 0
2 30 0 -1 -1
0 -1
-1 0
-1 -1 -1 -1 -1
4 2
5 0
0 0 0 -1 -1
0 -1
-1 0
-1 -1 -1 -1 -1
0 -1
-1 0
-1 -1 -1 -1 -1
0 -1
-1 0
-1 -1 -1 -1 -1
0 -1
-1 0
-1 -1 -1 -1 -1
0 -1
-1 0
-1 -1 -1 -1 -1
0 -1
-1 0
-1 -1 -1 -1 -1
0 -1
-1 0
-1 -1 -1 -1 -1
0 -1
-1 0
-1 -1 -1 -1 -1
0 -1
-1 0
-1 -1 -1 -1 -1
0 -1
-1 0
-1 -1 -1 -1 -1
0 -1
-1 0
-1 -1 -1 -1 -1
0 -1
-1 0
-1 -1 -1 -1 -1
